# time  created  delivered  delivered/created
7.0000 1 0 0.0000
13.0000 2 0 0.0000
21.0000 3 0 0.0000
27.0000 4 0 0.0000
33.0000 5 0 0.0000
41.0000 6 0 0.0000
48.0000 7 0 0.0000
56.0000 8 0 0.0000
56.3000 8 1 0.1250
62.0000 9 1 0.1111
67.0000 10 1 0.1000
73.0000 11 1 0.0909
79.0000 12 1 0.0833
86.0000 13 1 0.0769
95.0000 14 1 0.0714
100.0000 15 1 0.0667
106.0000 16 1 0.0625
114.0000 17 1 0.0588
120.0000 18 1 0.0556
125.0000 19 1 0.0526
131.0000 20 1 0.0500
137.0000 21 1 0.0476
145.0000 22 1 0.0455
153.0000 23 1 0.0435
153.7000 23 2 0.0870
158.0000 24 2 0.0833
163.0000 25 2 0.0800
170.0000 26 2 0.0769
179.0000 27 2 0.0741
185.0000 28 2 0.0714
192.0000 29 2 0.0690
199.0000 30 2 0.0667
205.0000 31 2 0.0645
208.1000 31 3 0.0968
213.0000 32 3 0.0938
219.0000 33 3 0.0909
227.0000 34 3 0.0882
234.0000 35 3 0.0857
241.0000 36 3 0.0833
247.0000 37 3 0.0811
255.0000 38 3 0.0789
262.0000 39 3 0.0769
271.0000 40 3 0.0750
279.0000 41 3 0.0732
286.0000 42 3 0.0714
293.0000 43 3 0.0698
302.0000 44 3 0.0682
308.0000 45 3 0.0667
313.0000 46 3 0.0652
320.0000 47 3 0.0638
325.0000 48 3 0.0625
326.9000 48 4 0.0833
333.0000 49 4 0.0816
339.0000 50 4 0.0800
347.0000 51 4 0.0784
354.0000 52 4 0.0769
361.0000 53 4 0.0755
370.0000 54 4 0.0741
377.0000 55 4 0.0727
377.2000 55 5 0.0909
385.0000 56 5 0.0893
387.5000 56 6 0.1071
394.0000 57 6 0.1053
399.0000 58 6 0.1034
404.0000 59 6 0.1017
404.5000 59 7 0.1186
410.0000 60 7 0.1167
418.0000 61 7 0.1148
425.0000 62 7 0.1129
434.0000 63 7 0.1111
441.0000 64 7 0.1094
444.9000 64 8 0.1250
445.9000 64 9 0.1406
447.0000 65 9 0.1385
454.0000 66 9 0.1364
461.0000 67 9 0.1343
470.0000 68 9 0.1324
479.0000 69 9 0.1304
487.0000 70 9 0.1286
496.0000 71 9 0.1268
505.0000 72 9 0.1250
514.0000 73 9 0.1233
519.0000 74 9 0.1216
524.1000 74 10 0.1351
527.0000 75 10 0.1333
534.0000 76 10 0.1316
541.0000 77 10 0.1299
548.0000 78 10 0.1282
557.0000 79 10 0.1266
562.8000 79 11 0.1392
565.0000 80 11 0.1375
565.2000 80 12 0.1500
567.2000 80 13 0.1625
570.0000 81 13 0.1605
579.0000 82 13 0.1585
586.0000 83 13 0.1566
590.4000 83 14 0.1687
592.0000 84 14 0.1667
598.0000 85 14 0.1647
607.0000 86 14 0.1628
612.0000 87 14 0.1609
621.0000 88 14 0.1591
630.0000 89 14 0.1573
637.0000 90 14 0.1556
645.0000 91 14 0.1538
651.5000 91 15 0.1648
652.0000 92 15 0.1630
661.0000 93 15 0.1613
667.0000 94 15 0.1596
667.6000 94 16 0.1702
667.9000 94 17 0.1809
673.0000 95 17 0.1789
680.0000 96 17 0.1771
680.6000 96 18 0.1875
687.0000 97 18 0.1856
693.0000 98 18 0.1837
700.0000 99 18 0.1818
706.0000 100 18 0.1800
712.0000 101 18 0.1782
717.0000 102 18 0.1765
718.3000 102 19 0.1863
722.0000 103 19 0.1845
729.0000 104 19 0.1827
738.0000 105 19 0.1810
742.6000 105 20 0.1905
744.0000 106 20 0.1887
749.0000 107 20 0.1869
752.1000 107 21 0.1963
752.2000 107 22 0.2056
754.0000 108 22 0.2037
761.0000 109 22 0.2018
763.2000 109 23 0.2110
763.8000 109 24 0.2202
768.0000 110 24 0.2182
776.0000 111 24 0.2162
780.0000 111 25 0.2252
783.6000 111 26 0.2342
785.0000 112 26 0.2321
790.0000 113 26 0.2301
794.5000 113 27 0.2389
796.0000 114 27 0.2368
804.2000 114 28 0.2456
805.0000 115 28 0.2435
805.6000 115 29 0.2522
806.3000 115 30 0.2609
809.6000 115 31 0.2696
812.0000 116 31 0.2672
817.0000 117 31 0.2650
817.3000 117 32 0.2735
825.0000 118 32 0.2712
830.0000 119 32 0.2689
835.5000 119 33 0.2773
836.0000 120 33 0.2750
836.2000 120 34 0.2833
836.5000 120 35 0.2917
836.7000 120 36 0.3000
837.4000 120 37 0.3083
843.4000 120 38 0.3167
843.6000 120 39 0.3250
843.8000 120 40 0.3333
844.5000 120 41 0.3417
845.0000 121 41 0.3388
847.8000 121 42 0.3471
851.0000 122 42 0.3443
860.0000 123 42 0.3415
863.7000 123 43 0.3496
868.0000 124 43 0.3468
871.6000 124 44 0.3548
873.5000 124 45 0.3629
875.0000 125 45 0.3600
879.3000 125 46 0.3680
880.1000 125 47 0.3760
884.0000 126 47 0.3730
891.8000 126 48 0.3810
892.2000 126 49 0.3889
893.0000 127 49 0.3858
900.0000 128 49 0.3828
907.0000 129 49 0.3798
909.5000 129 50 0.3876
913.0000 130 50 0.3846
918.0000 131 50 0.3817
921.7000 131 51 0.3893
922.3000 131 52 0.3969
924.0000 132 52 0.3939
929.6000 132 53 0.4015
930.0000 132 54 0.4091
931.0000 133 54 0.4060
931.5000 133 55 0.4135
938.0000 134 55 0.4104
945.0000 135 55 0.4074
951.0000 136 55 0.4044
958.0000 137 55 0.4015
960.5000 137 56 0.4088
965.0000 138 56 0.4058
973.0000 139 56 0.4029
976.3000 139 57 0.4101
979.0000 140 57 0.4071
988.0000 141 57 0.4043
993.0000 142 57 0.4014
993.7000 142 58 0.4085
996.0000 142 59 0.4155
996.9000 142 60 0.4225
997.0000 142 61 0.4296
1001.0000 143 61 0.4266
1003.4000 143 62 0.4336
1009.3000 143 63 0.4406
1010.0000 144 63 0.4375
1010.9000 144 64 0.4444
1011.5000 144 65 0.4514
1011.8000 144 66 0.4583
1012.2000 144 67 0.4653
1013.1000 144 68 0.4722
1014.0000 144 69 0.4792
1014.9000 144 70 0.4861
1016.0000 145 70 0.4828
1016.2000 145 71 0.4897
1023.0000 146 71 0.4863
1025.6000 146 72 0.4932
1026.2000 146 73 0.5000
1028.0000 147 73 0.4966
1033.0000 148 73 0.4932
1038.0000 149 73 0.4899
1039.4000 149 74 0.4966
1041.1000 149 75 0.5034
1041.2000 149 76 0.5101
1041.3000 149 77 0.5168
1041.4000 149 78 0.5235
1043.0000 150 78 0.5200
1046.3000 150 79 0.5267
1048.0000 151 79 0.5232
1052.2000 151 80 0.5298
1052.6000 151 81 0.5364
1053.0000 152 81 0.5329
1053.0000 152 82 0.5395
1053.3000 152 83 0.5461
1053.6000 152 84 0.5526
1053.8000 152 85 0.5592
1053.8000 152 86 0.5658
1055.0000 152 87 0.5724
1058.0000 153 87 0.5686
1065.0000 154 87 0.5649
1068.7000 154 88 0.5714
1071.0000 155 88 0.5677
1077.0000 156 88 0.5641
1078.3000 156 89 0.5705
1079.3000 156 90 0.5769
1080.0000 156 91 0.5833
1080.4000 156 92 0.5897
1081.1000 156 93 0.5962
1082.6000 156 94 0.6026
1082.8000 156 95 0.6090
1086.0000 157 95 0.6051
1092.0000 158 95 0.6013
1097.4000 158 96 0.6076
1097.6000 158 97 0.6139
1099.0000 159 97 0.6101
1106.0000 160 97 0.6063
1114.5000 160 98 0.6125
1114.9000 160 99 0.6188
1115.0000 161 99 0.6149
1116.4000 161 100 0.6211
1116.5000 161 101 0.6273
1124.0000 162 101 0.6235
1124.8000 162 102 0.6296
1124.9000 162 103 0.6358
1127.7000 162 104 0.6420
1128.5000 162 105 0.6481
1128.8000 162 106 0.6543
1130.0000 163 106 0.6503
1133.4000 163 107 0.6564
1135.0000 164 107 0.6524
1140.0000 165 107 0.6485
1143.0000 165 108 0.6545
1147.0000 166 108 0.6506
1156.0000 167 108 0.6467
1161.0000 168 108 0.6429
1166.0000 169 108 0.6391
1171.0000 170 108 0.6353
1171.2000 170 109 0.6412
1174.0000 170 110 0.6471
1174.3000 170 111 0.6529
1174.7000 170 112 0.6588
1179.0000 171 112 0.6550
1184.0000 172 112 0.6512
1189.6000 172 113 0.6570
1193.0000 173 113 0.6532
1194.6000 173 114 0.6590
1194.7000 173 115 0.6647
1194.7000 173 116 0.6705
1195.5000 173 117 0.6763
1196.2000 173 118 0.6821
1196.3000 173 119 0.6879
1201.0000 174 119 0.6839
1209.0000 175 119 0.6800
1209.3000 175 120 0.6857
1209.9000 175 121 0.6914
1211.7000 175 122 0.6971
1212.2000 175 123 0.7029
1212.4000 175 124 0.7086
1212.8000 175 125 0.7143
1216.5000 175 126 0.7200
1217.0000 176 126 0.7159
1219.7000 176 127 0.7216
1220.3000 176 128 0.7273
1222.0000 177 128 0.7232
1222.4000 177 129 0.7288
1222.8000 177 130 0.7345
1230.0000 178 130 0.7303
1239.0000 179 130 0.7263
1247.0000 180 130 0.7222
1249.0000 180 131 0.7278
1249.5000 180 132 0.7333
1252.0000 180 133 0.7389
1254.0000 181 133 0.7348
1254.1000 181 134 0.7403
1256.6000 181 135 0.7459
1259.0000 182 135 0.7418
1262.7000 182 136 0.7473
1263.5000 182 137 0.7527
1263.6000 182 138 0.7582
1265.0000 183 138 0.7541
1269.6000 183 139 0.7596
1270.0000 183 140 0.7650
1270.0000 184 140 0.7609
1273.8000 184 141 0.7663
1276.2000 184 142 0.7717
1279.0000 185 142 0.7676
1280.8000 185 143 0.7730
1281.5000 185 144 0.7784
1283.9000 185 145 0.7838
1286.6000 185 146 0.7892
