# Scenario CollabRouter2.30
# distance at msg send, delivery time, hop count, MSG_ID
2051.6662 0.3000 1 M8
2139.9593 120.7000 1 M5
1587.9847 77.1000 1 M20
1876.2954 71.9000 1 M38
1933.1466 84.2000 2 M43
2147.4156 287.5000 1 M15
1906.3600 0.5000 1 M59
1244.9424 173.9000 1 M40
1780.9416 260.8000 2 M44
1699.7113 305.2000 1 M39
1272.7607 243.4000 4 M51
1882.5396 59.5000 1 M84
1954.9502 0.6000 2 M94
1734.1613 282.9000 2 M56
2097.8652 0.6000 1 M96
2307.8275 348.3000 1 M54
1690.8231 36.6000 3 M100
1774.3612 599.1000 3 M23
1854.2186 589.2000 4 M25
2665.4919 571.2000 1 M29
1409.5954 184.8000 2 M82
1721.6447 767.0000 2 M2
1594.3263 173.5000 1 M88
2247.3443 380.6000 1 M62
1690.0651 199.3000 2 M86
1486.4740 4.6000 1 M115
1947.2470 731.3000 1 M13
1556.1630 622.5000 4 M32
1909.9035 382.2000 4 M66
1848.2094 295.7000 4 M77
1734.0069 82.6000 5 M109
2253.4363 699.5000 2 M22
3148.3699 806.8000 1 M6
1717.5365 856.7000 5 M1
2089.3294 532.6000 1 M50
2191.2679 94.3000 2 M112
2686.8789 567.1000 4 M46
2176.0478 492.8000 1 M58
2291.7027 559.2000 1 M49
1645.0512 448.5000 1 M67
1379.4867 183.7000 4 M105
2344.5414 352.3000 3 M81
2804.3841 683.0000 4 M37
1284.0661 15.5000 2 M135
1714.1823 562.0000 3 M63
1928.8577 676.9000 2 M47
2395.9348 827.0000 2 M26
1531.2000 489.4000 4 M73
1813.0794 30.3000 3 M140
1765.6504 0.2000 1 M145
1736.8788 784.6000 3 M36
2144.2989 492.2000 1 M76
3290.5911 862.1000 1 M27
1798.5421 429.3000 4 M87
2414.6985 576.3000 1 M68
2083.3794 612.8000 2 M64
1834.9985 17.0000 2 M149
1393.5652 265.8000 4 M117
1207.9464 156.5000 1 M137
1245.9437 302.9000 1 M116
1391.6757 706.4000 1 M60
1929.7715 611.5000 2 M72
2134.2889 331.7000 2 M114
2272.0152 406.5000 2 M103
3155.3226 1049.8000 3 M12
2316.9088 637.4000 3 M71
1861.7423 782.0000 3 M53
1710.4342 0.2000 1 M170
960.6661 75.0000 2 M159
1633.8261 425.3000 2 M107
2086.2230 1107.7000 1 M10
2653.9139 989.6000 3 M31
1300.2899 64.7000 4 M163
2420.1289 840.7000 1 M52
2742.9094 832.3000 2 M55
1167.0490 0.9000 1 M175
2790.2232 930.5000 3 M42
1824.4400 0.4000 1 M177
1693.6416 134.5000 2 M161
1096.6757 301.0000 1 M136
1050.0512 495.5000 4 M110
2528.6320 968.2000 3 M45
3056.8051 1260.5000 3 M3
1619.1337 718.9000 4 M80
2342.7640 1067.6000 4 M33
1679.4923 -1.0000 -1 M154
1466.4938 -1.0000 -1 M153
1342.4536 -1.0000 -1 M152
2845.5165 -1.0000 -1 M151
1564.4786 -1.0000 -1 M158
2688.6060 -1.0000 -1 M157
1262.5419 -1.0000 -1 M156
2082.8103 -1.0000 -1 M155
2551.9058 -1.0000 -1 M83
2443.9587 -1.0000 -1 M85
2378.7301 -1.0000 -1 M89
2531.8771 -1.0000 -1 M160
1856.0182 -1.0000 -1 M143
2500.9990 -1.0000 -1 M142
1784.4516 -1.0000 -1 M141
2566.2043 -1.0000 -1 M91
1647.3467 -1.0000 -1 M147
1457.4676 -1.0000 -1 M90
2449.0817 -1.0000 -1 M146
2442.1080 -1.0000 -1 M93
1914.6689 -1.0000 -1 M92
2418.7409 -1.0000 -1 M144
2450.8203 -1.0000 -1 M95
2238.7660 -1.0000 -1 M97
2692.0145 -1.0000 -1 M148
1991.4768 -1.0000 -1 M11
1254.8672 -1.0000 -1 M99
1730.7249 -1.0000 -1 M98
2739.7014 -1.0000 -1 M14
2099.8659 -1.0000 -1 M17
3353.5382 -1.0000 -1 M16
2304.9493 -1.0000 -1 M19
3521.0911 -1.0000 -1 M18
2236.0221 -1.0000 -1 M150
2005.3166 -1.0000 -1 M176
1790.8524 -1.0000 -1 M174
1723.8214 -1.0000 -1 M173
1528.4280 -1.0000 -1 M179
1418.2314 -1.0000 -1 M178
3111.0637 -1.0000 -1 M21
1608.1885 -1.0000 -1 M24
1827.9827 -1.0000 -1 M28
2090.1854 -1.0000 -1 M183
2166.0760 -1.0000 -1 M182
1547.0300 -1.0000 -1 M181
1570.4259 -1.0000 -1 M180
1932.9918 -1.0000 -1 M165
1785.0733 -1.0000 -1 M164
1350.2858 -1.0000 -1 M162
2338.8186 -1.0000 -1 M169
1174.2691 -1.0000 -1 M168
2481.6111 -1.0000 -1 M167
2217.0721 -1.0000 -1 M166
2662.8890 -1.0000 -1 M30
2355.2460 -1.0000 -1 M35
1592.3455 -1.0000 -1 M34
2026.5083 -1.0000 -1 M172
2264.8860 -1.0000 -1 M171
1972.4583 -1.0000 -1 M113
2639.0895 -1.0000 -1 M4
1698.7505 -1.0000 -1 M111
1917.8624 -1.0000 -1 M118
2480.0459 -1.0000 -1 M7
2814.7666 -1.0000 -1 M41
2711.4341 -1.0000 -1 M9
2647.6287 -1.0000 -1 M119
2530.3229 -1.0000 -1 M48
1563.2274 -1.0000 -1 M185
2726.9269 -1.0000 -1 M184
2227.0138 -1.0000 -1 M102
2491.4656 -1.0000 -1 M101
2178.3213 -1.0000 -1 M106
1495.8265 -1.0000 -1 M104
2486.8155 -1.0000 -1 M57
1132.7955 -1.0000 -1 M108
1619.7765 -1.0000 -1 M132
2329.5165 -1.0000 -1 M131
1683.4206 -1.0000 -1 M130
2396.9203 -1.0000 -1 M134
1549.0913 -1.0000 -1 M133
2000.3486 -1.0000 -1 M61
1754.1780 -1.0000 -1 M139
2565.3055 -1.0000 -1 M138
3133.6556 -1.0000 -1 M65
2833.5073 -1.0000 -1 M69
1153.4932 -1.0000 -1 M121
2053.6185 -1.0000 -1 M120
1325.5766 -1.0000 -1 M125
1843.1242 -1.0000 -1 M124
1833.5236 -1.0000 -1 M123
2613.1992 -1.0000 -1 M70
1376.2158 -1.0000 -1 M122
1287.4453 -1.0000 -1 M129
1372.4435 -1.0000 -1 M128
2532.9740 -1.0000 -1 M75
1523.8855 -1.0000 -1 M127
2759.5544 -1.0000 -1 M74
2376.1450 -1.0000 -1 M126
2032.5652 -1.0000 -1 M79
2827.0749 -1.0000 -1 M78
